2 0.332682 0.222222 0.037760 0.090278
2 0.888672 0.340278 0.035156 0.065972
6 0.927083 0.410590 0.109375 0.046875
5 0.915365 0.223958 0.169271 0.052083
5 0.539062 0.301215 0.132812 0.085069
5 0.520833 0.373264 0.161458 0.097222
2 0.503906 0.370660 0.031250 0.074653
3 0.231771 0.418403 0.049479 0.500000
4 0.332682 0.480035 0.058594 0.133681
4 0.259115 0.478299 0.054688 0.140625
4 0.814453 0.398438 0.048177 0.092014
4 0.619792 0.418403 0.075521 0.197917
0 0.503906 0.849826 0.992188 0.276042
1 0.701823 0.411458 0.174479 0.225694
1 0.480469 0.406250 0.226562 0.315972
1 0.059896 0.374132 0.117188 0.498264
0 0.740234 0.636285 0.519531 0.112847
