0 0.355469 0.404514 0.213542 0.347222
0 0.579427 0.409722 0.169271 0.277778
2 0.841146 0.253472 0.317708 0.065972
2 0.408203 0.292535 0.128906 0.095486
2 0.384115 0.357639 0.169271 0.114583
3 0.380208 0.367188 0.039062 0.088542
3 0.154297 0.169271 0.061198 0.157986
3 0.723958 0.352431 0.026042 0.076389
4 0.676432 0.453993 0.066406 0.182292
4 0.070312 0.368056 0.075521 0.340278
4 0.172526 0.349826 0.082031 0.161458
4 0.189453 0.484375 0.055990 0.142361
1 0.537760 0.778646 0.903646 0.425347
4 0.865885 0.459201 0.046875 0.119792
4 0.940104 0.464410 0.039062 0.116319
