4 0.047526 0.302083 0.087240 0.149306
4 0.069661 0.473090 0.071615 0.178819
4 0.411458 0.409722 0.101562 0.270833
4 0.597005 0.447917 0.058594 0.177083
5 0.284505 0.344618 0.165365 0.116319
4 0.315755 0.270833 0.136719 0.121528
5 0.735677 0.243056 0.257812 0.041667
3 0.846354 0.433160 0.036458 0.480903
3 0.737630 0.466146 0.014323 0.164931
7 0.755859 0.548611 0.055990 0.128472
6 0.672526 0.421875 0.082031 0.055556
2 0.642578 0.359375 0.024740 0.065972
2 0.285156 0.354167 0.036458 0.079861
0 0.486328 0.771701 0.954427 0.407986
1 0.501302 0.415799 0.156250 0.286458
1 0.259115 0.388889 0.252604 0.364583
1 0.940755 0.493924 0.118490 0.300347
2 0.957682 0.083333 0.074219 0.156250
4 0.859375 0.477431 0.059896 0.180556
