4 0.580078 0.194444 0.102865 0.388889 0.251278
4 0.233724 0.353299 0.110677 0.387153 0.28154
4 0.664714 0.364583 0.121094 0.420139 0.283813
4 0.32487 0.318576 0.0924479 0.390625 0.296419
4 0.628255 0.306424 0.11849 0.508681 0.334345
1 0.777344 0.833333 0.369792 0.284722 0.348834
4 0.282552 0.354167 0.125 0.413194 0.362531
4 0.834635 0.422743 0.140625 0.414931 0.374494
4 0.535156 0.361979 0.122396 0.418403 0.377747
4 0.582682 0.361111 0.128906 0.461806 0.398888
1 0.768229 0.713542 0.463542 0.361111 0.400757
4 0.789062 0.364583 0.130208 0.465278 0.437232
