1 0.729818 0.663194 0.44401 0.239583 0.251848
4 0.355469 0.388889 0.0729167 0.180556 0.253987
4 0.182292 0.321181 0.0572917 0.142361 0.258008
4 0.16276 0.314236 0.0755208 0.211806 0.260137
0 0.0651042 0.37066 0.127604 0.522569 0.266688
1 0.704427 0.819444 0.591146 0.361111 0.277053
1 0.73112 0.767361 0.410156 0.298611 0.343905
0 0.723958 0.411458 0.171875 0.3125 0.354367
0 0.328776 0.16059 0.160156 0.314236 0.383656
4 0.611979 0.424479 0.0755208 0.262153 0.38803
4 0.813151 0.452257 0.0690104 0.210069 0.39241
4 0.832682 0.453125 0.0611979 0.166667 0.413156
3 0.320312 0.240451 0.03125 0.0989583 0.445436
3 0.880208 0.341146 0.0208333 0.0746528 0.701213
