4 0.13737 0.5 0.0377604 0.149306 0.255811
4 0.861979 0.484375 0.0442708 0.131944 0.277874
4 0.813802 0.478299 0.0286458 0.0677083 0.291169
1 0.230469 0.710938 0.380208 0.237847 0.294029
0 0.317708 0.378472 0.205729 0.368056 0.303818
4 0.0891927 0.355903 0.0976562 0.347222 0.314372
4 0.0963542 0.328993 0.0625 0.237847 0.316842
4 0.161458 0.352431 0.0677083 0.170139 0.35065
4 0.491536 0.422743 0.0794271 0.293403 0.413006
4 0.667969 0.459201 0.0572917 0.203125 0.48545
3 0.72526 0.352431 0.0208333 0.0625 0.645498
3 0.72526 0.356771 0.0104167 0.0572917 0.699888
