1 0.775391 0.880208 0.371094 0.239583 0.258997
0 0.712891 0.109375 0.0638021 0.142361 0.265499
4 0.567708 0.486111 0.0338542 0.104167 0.285561
1 0.277344 0.772569 0.554688 0.399306 0.30658
1 0.189453 0.767361 0.378906 0.270833 0.329295
1 0.777344 0.761285 0.445312 0.328125 0.362953
4 0.198568 0.365451 0.0976562 0.376736 0.397037
0 0.835286 0.446181 0.269531 0.368056 0.401451
0 0.909505 0.449653 0.18099 0.454861 0.486235
4 0.411458 0.460069 0.0546875 0.166667 0.546134
3 0.448568 0.358507 0.0143229 0.0642361 0.646859
3 0.44987 0.355903 0.0299479 0.0520833 0.673971
3 0.453125 0.356771 0.0078125 0.0538194 0.677986
