1 0.429688 0.647569 0.377604 0.288194 0.27186
4 0.239583 0.354167 0.101562 0.399306 0.284146
1 0.776693 0.830729 0.378906 0.279514 0.296227
4 0.622396 0.311632 0.109375 0.522569 0.309083
4 0.327474 0.355903 0.11849 0.40625 0.3441
4 0.281901 0.355035 0.123698 0.421875 0.380162
1 0.78125 0.710069 0.372396 0.277778 0.391597
4 0.829427 0.376736 0.125 0.475694 0.408897
4 0.583984 0.363715 0.134115 0.484375 0.416619
4 0.534505 0.362847 0.13151 0.451389 0.425699
4 0.775391 0.345486 0.13151 0.53125 0.474111
