0 0.686198 0.116319 0.0546875 0.104167 0.270798
1 0.278646 0.773438 0.557292 0.394097 0.299029
0 0.0885417 0.363715 0.125 0.428819 0.309054
1 0.190104 0.767361 0.380208 0.267361 0.325618
1 0.731771 0.832465 0.4375 0.282986 0.35187
1 0.771484 0.72309 0.457031 0.321181 0.357328
4 0.55599 0.47309 0.0494792 0.116319 0.383268
0 0.834635 0.443576 0.252604 0.376736 0.387783
4 0.191406 0.367188 0.0963542 0.366319 0.391236
3 0.441406 0.357639 0.0208333 0.0625 0.411761
0 0.909505 0.450521 0.18099 0.477431 0.496007
4 0.408854 0.460938 0.0546875 0.154514 0.500427
