1 0.751953 0.773438 0.496094 0.324653 0.252366
4 0.421224 0.422743 0.108073 0.324653 0.257955
4 0.582031 0.416667 0.119792 0.350694 0.28179
0 0.167318 0.77691 0.295573 0.439236 0.292901
4 0.38151 0.424479 0.0729167 0.244792 0.299154
1 0.779297 0.835938 0.365885 0.262153 0.305064
4 0.803385 0.366319 0.0598958 0.142361 0.311294
4 0.804036 0.364583 0.0377604 0.0972222 0.315124
1 0.729818 0.703125 0.371094 0.246528 0.323514
0 0.175781 0.451389 0.351562 0.670139 0.364865
4 0.922526 0.434028 0.13151 0.427083 0.38708
4 0.488281 0.364583 0.117188 0.465278 0.460011
4 0.535807 0.365451 0.134115 0.498264 0.495652
4 0.900391 0.296875 0.121094 0.479167 0.529467
