4 0.0169271 0.490451 0.0338542 0.185764 0.266634
4 0.807292 0.483507 0.0390625 0.0989583 0.268605
0 0.507812 0.414931 0.132812 0.340278 0.294604
4 0.764974 0.487847 0.0377604 0.107639 0.31461
1 0.227214 0.768229 0.39974 0.269097 0.344394
0 0.94987 0.43316 0.10026 0.352431 0.35047
4 0.0670573 0.365451 0.113281 0.352431 0.362942
0 0.208984 0.383681 0.186198 0.416667 0.374538
4 0.415365 0.421007 0.0807292 0.289931 0.378402
4 0.595703 0.460069 0.0559896 0.190972 0.401576
4 0.953125 0.574653 0.0390625 0.121528 0.408783
3 0.640625 0.355903 0.0260417 0.0520833 0.479516
