4 0.67513 0.357639 0.139323 0.4375 0.256027
1 0.379557 0.697917 0.298177 0.267361 0.258344
4 0.629557 0.302083 0.126302 0.496528 0.287452
4 0.86263 0.41059 0.110677 0.421875 0.314201
4 0.789062 0.361979 0.132812 0.442708 0.349201
1 0.779948 0.832465 0.351562 0.282986 0.360876
4 0.285807 0.353299 0.13151 0.407986 0.361629
4 0.582682 0.358507 0.128906 0.453125 0.375136
4 0.242839 0.299479 0.110677 0.414931 0.387877
4 0.531901 0.360243 0.126302 0.428819 0.394477
1 0.769531 0.719618 0.460938 0.355903 0.421236
