4 0.226562 0.353299 0.111979 0.383681 0.278033
4 0.674479 0.360243 0.132812 0.439236 0.309742
4 0.629557 0.304688 0.123698 0.505208 0.326978
4 0.269531 0.315972 0.109375 0.381944 0.327577
4 0.832682 0.423611 0.141927 0.409722 0.335704
1 0.777995 0.832465 0.363281 0.286458 0.350373
4 0.323568 0.359375 0.121094 0.420139 0.366481
4 0.536458 0.359375 0.122396 0.420139 0.381616
4 0.791667 0.361111 0.127604 0.444444 0.387867
4 0.582682 0.359375 0.126302 0.458333 0.397807
1 0.76888 0.715278 0.46224 0.364583 0.412735
