4 0.420573 0.422743 0.109375 0.321181 0.25335
4 0.947917 0.306424 0.0885417 0.366319 0.255571
4 0.583333 0.414062 0.117188 0.342014 0.256634
4 0.563151 0.247396 0.102865 0.491319 0.257146
0 0.165365 0.775174 0.286458 0.432292 0.276117
1 0.808594 0.829861 0.382812 0.315972 0.281534
4 0.385417 0.423611 0.0885417 0.364583 0.302281
0 0.174479 0.450521 0.348958 0.619792 0.338388
1 0.779948 0.710069 0.364583 0.253472 0.353338
4 0.488932 0.363715 0.115885 0.460069 0.457836
4 0.533203 0.363715 0.128906 0.484375 0.476417
4 0.922526 0.272569 0.126302 0.538194 0.560913
